         *         *    12.000    11.000         *     6.000         *         *         *         *    12.937     1.000     0.000    -5.000     0.000     0.000     0.000     2.068     4.079     6.079         *    12.410     1.108    -0.082     0.296     6.865     2.804    -0.170     0.359
         *    26.000    24.000         *         *         *         *         *         *         *    13.016     1.000     0.000    -6.000     1.000     0.000     0.000     1.992     3.978     5.992     7.945    17.943     1.302     2.043     0.380     7.262     5.284    -0.486     0.387
         *         *         *         *         *         *     0.000         *         *         *    11.086    -2.000     0.000    -7.000     0.000     0.000     0.000     1.944         *         *         *    16.177     3.134     0.933     0.923     2.029     2.980    -0.244     0.421
    10.000         *         *         *         *     9.000     6.000         *         *         *    10.333     1.000     0.000     4.000     0.000     0.000     0.000     2.149         *         *         *    12.021     2.292     0.289     0.706     7.995     2.222    -0.177     0.392
    12.000    18.000         *         *         *    16.000     6.000         *         *         *    10.123     2.000     0.000   -15.000     0.000     0.000     0.000     2.162         *         *         *    14.389     1.583     0.706     0.498    11.539     2.222    -0.700     0.376
    15.000    20.000         *         *         *         *         *         *         *         *     9.318    -1.000     0.000     2.000     0.000     1.000     0.000     2.030         *         *         *    16.135     1.630     0.996     0.506     6.956     5.296    -0.426     0.396
         *    12.000    22.000         *         *     7.000         *         *         *         *     9.851    -7.000     0.000    -2.000     0.000     1.000     0.000     2.165     4.235     6.245     8.219    15.947     1.249     0.524     0.369     6.056     2.804    -0.224     0.365
    12.000         *         *         *         *     7.000         *         *         *         *     9.813    -1.000     0.000     9.000     0.000     1.000     0.000     2.212         *         *         *    13.196     2.354     0.256     0.724     7.271     2.853    -0.172     0.395
    10.000    10.000     8.000    10.000    12.000    12.000     7.000     9.000    12.000     9.000    10.061    -2.000     0.000     4.000     0.000     1.000     0.000     2.073     4.093     6.205     8.025    11.818     0.880    -0.270     0.220    10.017     1.908    -0.108     0.306
    17.000    18.000         *         *         *     3.000         *         *         *         *    10.674    -1.000     1.000    -7.000     0.000     0.000     0.000     1.942     3.940         *         *    15.954     1.617     1.042     0.511     3.759     2.811    -0.302     0.377
     9.000     9.000     7.000         *         *     6.000     9.000    10.000     3.000         *    10.677     0.000     0.000    -8.000     0.000     1.000     0.000     1.978     3.964     5.951         *    11.102     1.191    -0.718     0.362     8.039     1.901    -0.282     0.340
    13.000    16.000         *         *         *     9.000         *         *         *         *     8.520     7.000     0.000    -3.000     0.000     0.000     0.000     2.162     4.219         *         *    13.164     1.587     0.916     0.499    10.300     2.810    -0.547     0.376
    13.000    30.000         *         *         *         *         *         *         *         *     8.490     2.000     1.000    -6.000     0.000     1.000     0.000     2.192         *         *         *    18.850     1.608     1.969     0.498     6.622     5.295    -0.836     0.395
    15.000    19.000    20.000         *         *         *         *         *         *         *     8.866     0.000     0.000   -16.000     1.000     0.000     0.000     2.079     4.139     6.057         *    15.166     1.203     1.354     0.364    10.751     5.262    -0.459     0.387
    11.000    16.000    16.000    19.000         *    27.000    25.000    28.000    21.000    17.000     8.866     0.000     0.000   -14.000     1.000     1.000     0.000     2.076     4.109     6.177     7.997    13.477     0.980     0.764     0.271    25.767     1.908    -0.814     0.307
    11.000         *         *         *         *    26.000    13.000    10.000         *         *     7.291     0.000     0.000     2.000     0.000     1.000     0.000     1.992     3.945     5.956         *    12.530     2.248     0.409     0.689    17.190     1.976    -0.780     0.380
         *         *         *         *         *     7.000         *         *         *         *     7.267     0.000     0.000     1.000     0.000     1.000     0.000         *         *         *         *    14.009     3.205     0.562     0.946     7.803     2.860    -0.339     0.416
    16.000         *         *         *         *     0.000         *         *         *         *     8.178    -1.000     0.000   -10.000     0.000     1.000     0.000     2.065     4.063     6.013     7.951    15.973     2.354     0.682     0.724     2.323     2.853    -0.355     0.395
    16.000         *         *         *         *     3.000     6.000         *         *         *     6.597    -1.000     1.000     3.000     1.000     0.000     0.000     2.093         *         *         *    15.386     2.293     1.968     0.707     5.317     2.220    -0.121     0.392
     7.000         *         *         *         *     7.000         *         *         *         *     8.336     0.000     1.000    -8.000     0.000     0.000     0.000     2.029         *         *         *    10.490     2.354    -0.238     0.724     7.688     2.853    -0.116     0.395
     8.000    14.000    14.000         *         *    19.000         *    10.000     9.000         *     7.445    -1.000     0.000    -9.000     0.000     1.000     0.000     2.075     4.137     6.130         *    12.695     1.180     0.115     0.356    14.505     2.166    -0.699     0.341
    15.000    11.000         *         *         *     9.000    12.000         *         *         *     7.822     0.000     0.000    -3.000     0.000     0.000     0.000     2.189     4.043         *         *    12.295     1.579     0.324     0.497    10.650     2.223    -0.195     0.376
    11.000         *         *         *         *    12.000         *         *         *         *     7.822     0.000     0.000    -8.000     0.000     0.000     0.000     2.050         *         *         *    11.986     2.354     0.191     0.724    11.592     2.853    -0.306     0.395
     8.000    10.000     9.000     8.000     9.000    20.000    20.000    18.000    15.000    21.000     7.071     0.000     0.000   -12.000     0.000     0.000     0.000     2.151     4.292     6.244     8.227    10.279     0.878    -0.267     0.216    19.194     1.922    -0.257     0.304
     9.000    10.000    10.000     8.000     8.000    16.000    19.000    15.000    21.000    19.000     7.071     0.000     0.000   -12.000     0.000     0.000     0.000     2.192     4.298     6.250     8.227    10.482     0.878    -0.309     0.216    17.632     1.925    -0.060     0.304
     8.000         *         *         *         *     7.000         *         *         *         *     8.055    -1.000     0.000   -10.000     0.000     1.000     0.000         *         *         *         *    11.559     2.354    -0.477     0.724     7.852     2.853    -0.243     0.395
    10.000    11.000    10.000         *         *     0.000     3.000     6.000     0.000         *     8.058     0.000     0.000   -15.000     0.000     0.000     0.000     1.907     4.008     5.948         *    11.764     1.192    -0.164     0.362     3.348     1.899    -0.126     0.339
    12.000         *         *         *         *     0.000         *         *         *         *     5.718    -1.000     0.000     3.000     0.000     1.000     0.000         *         *         *         *    13.445     2.354     0.450     0.724     2.751     2.853    -0.100     0.395
    11.000    11.000     9.000         *         *    13.000    20.000    22.000         *         *     5.921     3.000     0.000     5.000     0.000     1.000     0.000     1.984     3.973         *         *    10.368     1.195    -0.107     0.369    18.029     1.975    -0.203     0.360
     8.000    15.000    13.000    10.000         *    25.000    22.000    23.000    19.000         *     5.871     5.000     0.000     2.000     0.000     1.000     0.000     2.030     4.000     5.899         *    10.700     0.987     0.204     0.281    23.483     1.903    -0.694     0.337
     7.000     9.000     9.000    14.000    11.000    16.000    15.000         *         *         *     6.232     7.000     0.000    -3.000     0.000     0.000     0.000     2.124     4.213     6.170     8.148     9.641     0.884     0.216     0.220    16.000     2.209    -0.521     0.354
         *         *         *         *         *     0.000         *         *         *         *     5.658     2.000     1.000     2.000     0.000     1.000     0.000         *         *         *         *    14.501     3.205     0.962     0.946     2.897     2.860    -0.303     0.416
    12.000    10.000    10.000     9.000         *    16.000    15.000    13.000    18.000         *     5.701     1.000     0.000     1.000     0.000     0.000     0.000     2.027     3.808     5.937     8.011    10.016     0.989     0.006     0.283    15.561     1.897    -0.120     0.338
    13.000    14.000    12.000         *         *     6.000     7.000    13.000         *         *     7.885    -1.000     1.000    -4.000     0.000     1.000     0.000     2.003     3.989         *         *    12.924     1.194     0.059     0.368     8.776     1.977    -0.134     0.359
         *         *         *         *         *    12.000     3.000         *         *         *     6.333     0.000     0.000    -7.000     0.000     1.000     0.000     2.048         *         *         *    14.561     3.114     0.674     0.921     8.548     2.218    -0.571     0.412
         *         *         *         *         *     9.000         *         *         *         *     8.060    -1.000     0.000     0.000     0.000     0.000     0.000     1.901     3.901         *         *    13.213     3.205     0.610     0.946     8.993     2.860    -0.205     0.416
    17.000    10.000         *         *         *     8.000    16.000         *         *         *     8.060    -1.000     0.000     0.000     0.000     0.000     0.000     1.978         *         *         *    12.392     1.608     0.329     0.508    11.644     2.214    -0.107     0.377
    12.000    19.000    18.000         *    12.000    16.000    17.000    16.000    16.000    16.000     6.207     0.000     0.000    -6.000     1.000     1.000     0.000     2.020     4.025     6.028     7.943    12.507     0.954     0.552     0.250    16.998     1.898    -0.271     0.308
    13.000         *         *    11.000         *         *     0.000         *     0.000     0.000     6.089    -1.000     0.000     7.000     0.000     0.000     0.000     2.116     4.148     6.089     8.082    11.402     1.219     0.304     0.336     1.382     2.564    -0.010     0.343
    17.000    17.000    18.000         *         *     9.000    12.000    17.000    10.000     4.000     6.453    -1.000     0.000     6.000     0.000     0.000     0.000     2.106     4.139     5.980     7.934    14.249     1.176     1.218     0.349    11.698     1.906    -0.362     0.311
    11.000         *         *         *         *     3.000     0.000         *         *         *     6.494     0.000     0.000    -2.000     0.000     1.000     0.000     2.175     4.249         *         *    13.417     2.292     0.359     0.706     3.219     2.223    -0.258     0.392
     9.000         *         *         *         *    17.000         *         *         *         *     5.395    -1.000     0.000     2.000     0.000     1.000     0.000     1.932         *         *         *    10.562     2.354    -0.188     0.724    15.475     2.853    -0.309     0.395
    22.000         *         *         *         *     6.000         *         *         *         *     6.586     0.000     0.000    -5.000     0.000     1.000     0.000         *         *         *         *    17.905     2.354     1.568     0.724     6.870     2.853    -0.607     0.395
    10.000    10.000         *         *         *    21.000    16.000    18.000    21.000    17.000     6.658    -1.000     0.000    -7.000     0.000     1.000     0.000     1.879     3.893     6.022     8.058    10.494     1.575    -0.552     0.479    18.987     1.889    -0.264     0.311
    12.000    16.000    17.000         *         *    20.000    15.000    17.000    17.000         *     6.532     0.000     0.000    -3.000     0.000     1.000     0.000     1.888     3.890     5.868         *    13.600     1.199     0.543     0.366    17.970     1.892    -0.524     0.340
    11.000    14.000         *         *         *     0.000     0.000         *         *         *     6.510     4.000     1.000     0.000     0.000     0.000     0.000     1.942         *         *         *    12.431     1.613     0.759     0.510     2.085     2.213    -0.178     0.377
     7.000    10.000         *         *         *     6.000    12.000         *         *         *     6.425     6.000     1.000    -2.000     0.000     0.000     0.000     2.055         *         *         *     9.574     1.597     0.087     0.504    10.014     2.217    -0.225     0.376
     7.000         *         *         *         *     9.000         *         *         *         *     6.039     0.000     1.000     6.000     0.000     0.000     0.000     1.884         *         *         *     9.689     2.354     0.043     0.724     9.385     2.853     0.000     0.395
    10.000         *         *         *         *         *         *         *         *         *     6.039    -1.000     1.000     1.000     0.000     1.000     0.000     1.884         *         *         *    11.621     2.413     0.052     0.729    10.156     5.415    -0.247     0.409
     9.000    19.000    15.000    19.000    18.000    16.000    15.000    12.000    16.000     9.000     7.447    -1.000     0.000    -8.000     0.000     1.000     0.000     1.929     3.921     5.898     7.934    14.223     0.883     0.514     0.224    15.321     1.885    -0.573     0.307
    19.000    15.000    11.000    14.000    12.000    18.000    24.000    20.000    12.000    19.000     7.515    -1.000     0.000    -3.000     0.000     1.000     0.000     1.980     3.937     5.947     7.942    12.840     0.883     0.087     0.223    19.635     1.890    -0.440     0.307
    26.000    99.000         *         *         *         *         *         *         *         *     5.027     0.000     0.000     1.000     0.000     0.000     0.000     2.315     4.183     6.214     8.150    44.781     1.591    10.151     0.492    -9.686     5.294    -2.037     0.394
    13.000         *         *         *         *    10.000         *         *         *         *     5.025    -1.000     0.000     1.000     0.000     1.000     0.000     2.326         *         *         *    13.039     2.354     0.446     0.724    10.199     2.853    -0.315     0.395
    10.000         *         *         *         *    22.000         *         *         *         *     5.500    -1.000     0.000    -1.000     0.000     0.000     0.000     1.941         *         *         *    10.297     2.354     0.100     0.724    19.101     2.853    -0.333     0.395
    14.000    20.000    18.000         *         *     9.000    16.000         *         *         *     5.153     3.000     0.000    -1.000     0.000     0.000     0.000     2.176     4.158     6.214     8.224    13.928     1.179     1.241     0.361    12.871     2.214    -0.411     0.365
    15.000         *         *         *         *     6.000     3.000     0.000         *         *     4.452    -1.000     0.000    -7.000     0.000     1.000     0.000     2.088     4.003         *         *    15.360     2.247     0.966     0.688     4.846     1.982    -0.520     0.380
    14.000         *    18.000    12.000    13.000     3.000     3.000     3.000     3.000    12.000     4.460    -1.000     0.000     5.000     0.000     0.000     0.000     2.008     4.003     5.970     8.008    11.919     0.919     0.405     0.227     4.193     1.895     0.280     0.307
         *         *    10.000    11.000    17.000     6.000         *     7.000     7.000     6.000     5.221     0.000     0.000    -8.000     1.000     1.000     0.000     2.182     4.355     6.434     8.358    11.538     0.948     0.329     0.219     8.003     2.169    -0.188     0.309
    10.000         *         *         *         *    13.000         *         *         *         *     5.092    -1.000     0.000   -10.000     0.000     0.000     0.000     2.084         *         *         *    11.239     2.354     0.113     0.724    12.594     2.853    -0.271     0.395
    19.000    24.000    11.000         *         *    15.000     6.000     7.000     9.000         *     5.286     0.000     0.000   -24.000     0.000     1.000     0.000     2.007     3.954     5.920         *    15.324     1.191     0.516     0.362    11.565     1.902    -0.744     0.340
    11.000     9.000    10.000     6.000         *    12.000    16.000    15.000    15.000         *     5.360     0.000     0.000   -15.000     0.000     1.000     0.000     1.969     4.057     6.013         *    10.811     0.985    -0.553     0.279    15.023     1.905    -0.272     0.336
    14.000    14.000    13.000    15.000    22.000    10.000     9.000     9.000    12.000     6.000     3.858    -1.000     0.000   -10.000     0.000     1.000     0.000     2.208     4.175     6.025     7.992    13.727     0.881     0.524     0.220    10.856     1.913    -0.414     0.308
     8.000     8.000    11.000     9.000    12.000    15.000    14.000    19.000    12.000    13.000     5.819     0.000     0.000     7.000     0.000     0.000     0.000     2.022     3.970     5.981     8.052     9.689     0.882     0.104     0.221    14.966     1.895    -0.157     0.306
    15.000         *         *         *         *     3.000         *         *         *         *     5.825     0.000     0.000     5.000     0.000     0.000     0.000     1.844         *         *         *    14.083     2.354     1.131     0.724     4.966     2.853    -0.130     0.395
    11.000    12.000         *         *         *    19.000    15.000         *         *         *     6.400     0.000     0.000     3.000     0.000     0.000     0.000     1.786         *         *         *    11.145     1.635     0.377     0.518    16.324     2.207    -0.320     0.378
    10.000    10.000    11.000    15.000    10.000    18.000    18.000    16.000    16.000    17.000     6.285     0.000     0.000    10.000     0.000     1.000     0.000     1.879     3.838     5.838     7.767    11.009     0.885     0.093     0.226    17.377     1.877    -0.238     0.309
    10.000         *    12.000         *         *    23.000    21.000    15.000    12.000         *     5.784    -1.000     0.000     1.000     0.000     0.000     0.000     2.014     3.956     5.942         *    10.717     1.365     0.336     0.406    18.833     1.904    -0.572     0.341
    15.000         *         *         *         *         *         *         *         *         *     5.816    -1.000     1.000    -3.000     1.000     0.000     0.000         *         *         *         *    14.589     2.413     1.745     0.729     9.880     5.415    -0.281     0.409
     9.000    10.000         *         *         *     7.000     9.000         *         *         *     5.064    -1.000     0.000    -6.000     0.000     0.000     0.000     2.065         *         *         *    10.662     1.596    -0.028     0.504     8.617     2.218    -0.064     0.376
    12.000    10.000         *         *         *    18.000    12.000         *         *         *     5.064     0.000     0.000    -7.000     0.000     0.000     0.000     2.024         *         *         *    10.895     1.601     0.164     0.506    14.960     2.216    -0.372     0.377
    15.000    25.000    25.000    18.000    15.000     7.000    15.000     3.000     3.000     9.000     4.411     0.000     0.000   -17.000     0.000     0.000     0.000     2.184     4.104     6.047     8.063    14.698     0.880     0.860     0.220     9.544     1.911    -0.455     0.307
    11.000    17.000    18.000    14.000         *     6.000     6.000     9.000         *     0.000     4.375    -1.000     0.000   -15.000     0.000     1.000     0.000     2.148     4.131     6.129     8.139    13.991     0.981     0.434     0.271     7.742     1.960    -0.557     0.312
    20.000         *         *         *         *         *         *         *         *         *     3.438     2.000     1.000     2.000     0.000     0.000     0.000     2.468     4.258         *         *    15.486     2.413     1.887     0.729     9.477     5.415    -0.469     0.409
    14.000         *         *         *         *     9.000         *         *         *         *     3.482     0.000     0.000    13.000     0.000     0.000     0.000     2.447         *         *         *    12.613     2.354     1.137     0.724     9.711     2.853    -0.113     0.395
    15.000    12.000     9.000    14.000    18.000    12.000         *         *         *         *     5.050     2.000     1.000    -4.000     0.000     0.000     0.000     2.109     4.134     6.082     8.025    11.420     0.886     0.505     0.222    12.381     2.791    -0.337     0.355
     9.000    11.000    11.000         *         *    14.000    14.000    16.000    10.000     0.000     5.053     3.000     0.000     2.000     0.000     0.000     0.000     2.112     4.131     5.978     7.929    10.334     1.177     0.514     0.349    13.936     1.906    -0.732     0.311
         *     9.000    11.000    12.000    12.000    13.000    12.000    12.000    16.000    16.000     6.164    -1.000     1.000    -4.000     0.000     0.000     0.000     2.022     4.014     6.107     8.099    10.939     0.908     0.074     0.221    13.163     1.901     0.056     0.305
    14.000         *         *         *         *    18.000         *         *         *         *     6.175    -1.000     0.000     1.000     1.000     1.000     0.000         *         *         *         *    13.846     2.354     1.208     0.724    16.215     2.853    -0.464     0.395
     7.000    10.000    10.000     9.000         *    17.000    16.000    13.000     9.000         *     4.929     0.000     0.000    -4.000     0.000     0.000     0.000     2.202     4.254     6.230     8.263     9.665     0.976    -0.033     0.273    14.987     1.930    -0.427     0.334
     7.000     8.000    10.000     6.000     8.000    23.000    17.000    19.000    16.000    20.000     4.984     6.000     0.000     0.000     0.000     0.000     0.000     2.090     4.162     6.093     8.093     8.294     0.880    -0.079     0.219    20.292     1.909    -0.386     0.306
    14.000     9.000         *         *         *    23.000    22.000    12.000     6.000         *     4.984    -1.000     0.000    -6.000     0.000     0.000     0.000     2.011     4.049     6.055         *    11.632     1.568     0.560     0.484    18.037     1.910    -0.880     0.344
    14.000    20.000         *         *         *         *         *         *         *         *     5.198    -1.000     0.000    -3.000     0.000     1.000     0.000     1.932         *         *         *    15.506     1.644     1.066     0.512     9.245     5.297    -0.500     0.396
    15.000         *         *         *         *     9.000         *     6.000     0.000     0.000     3.546    -1.000     0.000   -10.000     0.000     1.000     0.000     2.090     4.000     5.858     7.890    15.340     2.181     1.066     0.649     7.618     2.130    -0.771     0.328
    10.000         *    13.000         *         *    10.000         *    12.000         *         *     5.036    -1.000     0.000     3.000     0.000     1.000     0.000     1.975     3.893     5.789     7.778    11.876     1.388     0.164     0.418    11.238     2.302    -0.194     0.362
     8.000     8.000     9.000    11.000     7.000     0.000     3.000    10.000     3.000     0.000     3.612    -3.000     0.000    -9.000     0.000     0.000     0.000     1.956     3.803     5.677     7.553    10.213     0.888    -0.232     0.229     3.802     1.873     0.008     0.313
     9.000    10.000         *         *         *     0.000     3.000         *         *         *     3.617    -3.000     0.000    -7.000     0.000     1.000     0.000     1.912         *         *         *    11.487     1.617    -0.266     0.512     2.988     2.212     0.009     0.377
         *         *         *         *         *     3.000         *     6.000         *         *     3.716    -1.000     0.000   -12.000     0.000     1.000     0.000     2.227     4.333     6.271     8.148    14.303     3.041     0.534     0.891     6.113     2.326    -0.314     0.393
         *    16.000         *         *         *     9.000     9.000     9.000     4.000     9.000     3.724    -1.000     0.000    -2.000     0.000     1.000     0.000     2.217     4.169     6.167     8.142    13.885     1.723     0.709     0.503     9.564     1.924    -0.353     0.312
         *         *         *         *         *    18.000         *         *         *         *     3.549    -1.000     0.000    -6.000     1.000     0.000     0.000         *         *         *         *    12.488     3.205     1.269     0.946    16.700     2.860    -0.356     0.416
    17.000    16.000         *         *         *     8.000    13.000     7.000         *         *     4.916     0.000     0.000    -3.000     0.000     1.000     0.000     2.016     3.932         *         *    14.741     1.582     0.889     0.496    10.353     1.975    -0.477     0.367
    10.000    11.000    11.000    10.000    11.000     0.000     3.000     0.000     0.000     0.000     2.768    -1.000     0.000     0.000     0.000     0.000     0.000     2.162     4.142     6.052     7.997    10.344     0.881     0.140     0.220     1.774     1.910    -0.047     0.307
    25.000    38.000         *         *         *    15.000    15.000     9.000         *         *     4.333    -1.000     0.000    -3.000     0.000     0.000     0.000     2.189     4.219         *         *    23.031     1.559     3.772     0.487    14.191     1.994    -1.025     0.364
    13.000    15.000         *         *         *    17.000    17.000    17.000         *         *     4.344    -1.000     0.000    -1.000     0.000     1.000     0.000     2.137     4.293         *         *    12.800     1.565     0.452     0.489    17.090     1.995    -0.423     0.364
    12.000         *         *         *         *     0.000         *     0.000     0.000         *     3.489    -1.000     0.000     2.000     1.000     0.000     0.000     2.466     4.396     6.362         *    14.380     2.208     1.850     0.664     1.780     2.194    -0.111     0.352
    24.000    58.000         *         *         *         *         *         *         *         *     3.319    -1.000     0.000    -6.000     1.000     0.000     0.000     1.890         *         *         *    30.639     1.650     6.438     0.514     1.602     5.297    -1.200     0.396
         *    14.000         *         *         *     7.000    12.000         *         *         *     3.852     4.000     1.000     0.000     0.000     0.000     0.000     2.220         *         *         *    11.849     1.770     0.878     0.536    10.373     2.224    -0.294     0.377
         *         *         *         *         *     9.000         *         *         *         *     3.820     4.000     1.000     2.000     0.000     1.000     0.000     2.292         *         *         *    12.045     3.205     0.609     0.946    10.302     2.860    -0.438     0.416
     9.000    10.000    10.000         *    11.000    10.000    14.000    11.000     9.000    15.000     2.457    -1.000     1.000    -4.000     0.000     0.000     0.000     2.274     4.178     6.096     8.030    10.007     0.949     0.122     0.247    11.762     1.919    -0.004     0.308
    14.000    10.000    11.000    10.000         *    18.000    15.000    15.000     9.000         *     2.534    -1.000     0.000    -2.000     0.000     0.000     0.000     2.126     4.137     6.137         *    10.145     0.980     0.215     0.276    15.450     1.919    -0.400     0.335
     9.000    13.000    15.000    11.000         *     6.000     6.000     9.000     6.000     6.000     3.626     0.000     1.000    -6.000     0.000     0.000     0.000     2.138     4.101     6.086     8.104    11.194     0.981     0.353     0.272     7.487     1.910    -0.139     0.307
    19.000    15.000    14.000         *         *         *         *         *         *         *     4.284    -1.000     1.000    -6.000     0.000     0.000     0.000     2.011     4.044     6.025     8.052    13.246     1.211     0.787     0.368     9.214     5.262    -0.235     0.387
     8.000    14.000    12.000    11.000    11.000    13.000     9.000     6.000     3.000     3.000     4.317    -1.000     0.000    -7.000     0.000     0.000     0.000     1.932     4.000     5.973     7.868    10.757     0.883     0.177     0.223     9.378     1.890    -0.545     0.308
    15.000    10.000         *         *         *    10.000     9.000     6.000         *         *     4.350    -1.000     0.000    -1.000     0.000     0.000     0.000     1.975     3.893         *         *    11.937     1.587     0.518     0.498     9.141     1.972    -0.217     0.367
    16.000         *         *         *         *         *     3.000         *         *         *     2.898    -2.000     1.000   -13.000     0.000     1.000     0.000     2.011         *         *         *    15.294     2.294     0.927     0.709     5.447     2.970    -0.456     0.406
    18.000    30.000         *    13.000         *    13.000    17.000    15.000    14.000     9.000     2.991    -1.000     1.000     5.000     0.000     0.000     0.000     1.981     3.888     5.945     7.934    13.814     1.104     1.294     0.312    14.822     1.889    -0.363     0.309
    15.000    13.000         *         *         *    22.000    13.000    12.000         *         *     3.776    -1.000     0.000     8.000     0.000     1.000     0.000     1.936     4.060         *         *    12.644     1.592     0.713     0.500    16.268     1.976    -0.556     0.366
    12.000         *         *         *         *    10.000         *         *         *         *     2.441    -1.000     0.000     7.000     1.000     0.000     0.000     1.912         *         *         *    12.567     2.354     1.583     0.724    10.870     2.853    -0.077     0.395
    12.000    11.000    19.000    12.000         *    10.000    15.000     6.000     9.000         *     3.063     0.000     0.000    -5.000     0.000     0.000     0.000     2.154     4.292     6.252         *    11.680     0.976     0.551     0.272    11.280     1.930    -0.336     0.333
    11.000    11.000    15.000    11.000    12.000     7.000    16.000    12.000    13.000    10.000     3.098     1.000     0.000    -2.000     0.000     0.000     0.000     2.190     4.148     6.244     8.265    10.648     0.878     0.288     0.217    12.123     1.919    -0.100     0.304
     9.000         *         *         *         *    20.000         *         *         *         *     2.332    -1.000     0.000     3.000     1.000     0.000     0.000         *         *         *         *    10.379     2.354     0.989     0.724    18.424     2.853    -0.200     0.395
    17.000         *         *         *         *    19.000         *         *         *         *     2.321     0.000     0.000     3.000     0.000     1.000     0.000     2.150         *         *         *    13.706     2.354     1.029     0.724    17.231     2.853    -0.586     0.395
    18.000    14.000         *         *         *     4.000    10.000         *         *         *     4.099     0.000     0.000    -6.000     0.000     0.000     0.000     1.975         *         *         *    13.903     1.608     0.964     0.508     7.904     2.214    -0.227     0.377
    20.000    11.000     9.000     9.000     8.000    20.000    26.000    21.000    20.000    23.000     4.099    -1.000     0.000    -3.000     0.000     0.000     0.000     1.879     3.890     5.819     7.860    10.251     0.885    -0.059     0.225    21.856     1.879    -0.138     0.308
    10.000         *         *         *         *    18.000    12.000         *         *         *     2.496     0.000     1.000     4.000     0.000     1.000     0.000     1.967     4.000     6.093         *    10.827     2.295     0.302     0.708    14.915     2.215    -0.399     0.393
    10.000    21.000         *         *         *     3.000     7.000         *         *         *     3.603     0.000     0.000    -8.000     0.000     0.000     0.000     2.101         *         *         *    14.559     1.591     1.219     0.502     6.170     2.219    -0.297     0.376
    10.000     9.000    18.000    10.000    11.000    13.000    17.000    18.000    22.000    25.000     2.060    -1.000     0.000    -2.000     0.000     0.000     0.000     2.079     4.175     6.167     8.164    10.658     0.879     0.189     0.218    16.942     1.912     0.354     0.305
    11.000    23.000         *         *         *    15.000     3.000         *         *         *     2.164    -1.000     0.000     3.000     0.000     1.000     0.000     2.022         *         *         *    15.331     1.602     1.474     0.506     9.866     2.216    -0.599     0.377
    22.000    16.000         *         *         *     6.000     6.000     3.000     5.000     6.000     3.611     0.000     0.000     4.000     0.000     1.000     0.000     2.172     4.180     6.153     8.153    15.551     1.540     1.271     0.466     6.840     1.920    -0.316     0.311
    12.000    13.000    11.000    13.000         *     6.000     6.000     6.000     3.000     0.000     2.794     0.000     0.000    -2.000     0.000     1.000     0.000     2.217     4.374     6.318     8.303    11.753     0.973     0.256     0.265     6.746     1.931    -0.453     0.304
     8.000    10.000     7.000    10.000    11.000    15.000     9.000         *         *         *     3.518     0.000     1.000    -1.000     0.000     0.000     0.000     2.128     4.142     6.079     8.068     9.388     0.885     0.065     0.222    12.331     2.209    -0.197     0.355
    10.000    12.000    14.000    12.000         *         *         *         *         *         *     3.518     0.000     1.000     0.000     0.000     0.000     0.000     2.115     4.139     6.095     7.934    10.755     1.000     0.427     0.278    11.763     5.254    -0.180     0.381
    13.000         *         *         *         *         *         *         *         *         *     3.073     0.000     0.000    -8.000     1.000     0.000     0.000     2.228     4.377     6.333     8.298    13.062     2.413     1.437     0.729    14.009     5.415    -0.362     0.409
     9.000         *         *         *         *    20.000         *         *         *         *     3.021    -1.000     0.000    -3.000     0.000     1.000     0.000         *         *         *         *    10.146     2.354    -0.196     0.724    18.072     2.853    -0.402     0.395
    10.000    11.000    10.000     9.000         *    17.000    16.000    15.000    15.000     3.000     3.351     5.000     1.000    -5.000     0.000     1.000     0.000     2.120     4.145     6.060     8.036     9.973     0.981     0.126     0.272    16.784     1.909    -0.866     0.308
    15.000         *         *         *         *         *         *         *         *         *     1.951    -1.000     0.000     2.000     0.000     0.000     0.000     1.956         *         *         *    13.108     2.413     1.126     0.729    11.222     5.415    -0.247     0.409
    14.000    13.000    10.000     9.000    12.000     9.000     9.000     9.000     9.000     9.000     2.682     2.000     0.000    -5.000     0.000     0.000     0.000     2.140     4.292     6.247     8.224    10.382     0.878     0.177     0.216    10.175     1.922    -0.175     0.304
    11.000    13.000    11.000    13.000         *    23.000    22.000    13.000     9.000         *     3.171     3.000     0.000    -6.000     0.000     0.000     0.000     2.032     4.060     5.983     7.913    10.320     0.985     0.485     0.279    19.250     1.908    -0.873     0.336
     8.000         *         *         *         *    25.000         *         *         *         *     3.168     5.000     0.000    -5.000     0.000     0.000     0.000         *         *         *         *     8.350     2.354    -0.014     0.724    22.919     2.853    -0.560     0.395
     6.000    10.000    10.000    13.000         *    17.000         *    19.000    20.000    16.000     2.049     2.000     0.000     3.000     1.000     1.000     0.000     1.973     4.003     6.093     8.055     9.309     0.985     0.441     0.274    18.677     2.131    -0.205     0.314
    12.000         *         *         *         *    16.000         *         *         *         *     2.011     0.000     0.000    -6.000     0.000     1.000     0.000         *         *         *         *    11.772     2.354     0.286     0.724    15.353     2.853    -0.481     0.395
    12.000    10.000    12.000    10.000    10.000     0.000     9.000    14.000     9.000     6.000     4.537     0.000     0.000    -4.000     0.000     0.000     0.000     1.838     3.833     5.881     7.836    10.741     0.885     0.012     0.225     7.563     1.876     0.099     0.308
     9.000     9.000     8.000    10.000         *     9.000    10.000    16.000    10.000         *     2.506    -1.000     1.000    -7.000     0.000     1.000     0.000     2.127     4.093     6.053         *    10.319     0.982    -0.249     0.277    11.607     1.916    -0.130     0.336
     9.000    10.000    12.000    12.000    10.000     9.000     3.000     6.000     6.000     6.000     3.334    -1.000     0.000    -2.000     0.000     0.000     0.000     1.929     3.934     5.945     7.940    10.424     0.883     0.133     0.223     6.881     1.887    -0.099     0.307
    10.000    10.000     8.000     7.000         *     7.000     9.000     6.000     6.000         *     3.301    -1.000     0.000    -1.000     0.000     1.000     0.000     2.011     3.973     5.959     7.934    10.123     0.987    -0.341     0.281     8.033     1.903    -0.160     0.337
    24.000         *         *         *         *     0.000         *         *         *         *     2.905    -1.000     1.000     6.000     0.000     0.000     0.000         *         *         *         *    18.252     2.354     2.553     0.724     2.271     2.853    -0.292     0.395
    13.000    15.000    15.000         *         *     7.000    13.000     9.000         *         *     4.112    -1.000     0.000     0.000     0.000     1.000     0.000     1.940     3.929         *         *    13.211     1.200     0.523     0.371    10.260     1.971    -0.272     0.360
    21.000         *         *         *         *    13.000         *         *         *         *     4.252    -1.000     0.000    -1.000     0.000     0.000     0.000         *         *         *         *    16.141     2.354     1.749     0.724    12.166     2.853    -0.493     0.395
     7.000         *         *         *         *    13.000         *         *         *         *     1.879     1.000     0.000    -4.000     0.000     0.000     0.000         *         *         *         *     9.085     2.354    -0.005     0.724    13.526     2.853    -0.180     0.395
    12.000    16.000    14.000     9.000    14.000    16.000    19.000    18.000     9.000    19.000     2.295    -1.000     0.000     4.000     0.000     0.000     0.000     1.993     4.098     6.091     8.107    10.624     0.880     0.422     0.220    16.594     1.902    -0.159     0.305
    11.000    13.000    14.000         *         *    10.000    13.000     9.000         *         *     2.248    -1.000     0.000     4.000     0.000     0.000     0.000     2.075     4.145         *         *    11.352     1.183     0.660     0.363    11.119     1.986    -0.139     0.358
     8.000         *         *         *         *    13.000    16.000         *         *         *     2.256     0.000     0.000     3.000     0.000     0.000     0.000     2.168         *         *         *     9.148     2.292     0.080     0.706    14.424     2.223    -0.073     0.392
    11.000    11.000    11.000     9.000    11.000    18.000    21.000    21.000    21.000    15.000     2.707     0.000     0.000     5.000     0.000     1.000     0.000     2.167     4.183     6.172     8.156    10.253     0.879     0.041     0.218    19.882     1.917    -0.292     0.305
    12.000    10.000     8.000    10.000    11.000     4.000    15.000    11.000     9.000     9.000     2.715     0.000     0.000     1.000     0.000     1.000     0.000     2.189     4.170     6.183     8.175    10.641     0.879    -0.071     0.218    10.185     1.918    -0.087     0.305
     8.000    10.000    10.000     9.000    11.000    17.000    19.000     9.000     8.000     7.000     3.518     3.000     1.000    -5.000     0.000     1.000     0.000     1.934     3.910     5.984     7.948     9.910     0.883     0.029     0.223    15.360     1.887    -0.831     0.307
     9.000    11.000    11.000    14.000    28.000    17.000    24.000    26.000    24.000    23.000     0.915    -1.000     0.000    -3.000     0.000     0.000     0.000     2.164     4.137     6.088     8.121    11.797     0.880     0.887     0.219    21.946     1.912    -0.058     0.306
     9.000    10.000         *         *         *    33.000    30.000         *         *         *     0.877    -1.000     0.000    -1.000     0.000     1.000     0.000     2.195         *         *         *     9.254     1.578    -0.091     0.497    29.289     2.223    -0.621     0.375
    10.000    12.000    13.000    13.000    11.000    17.000    17.000    20.000    17.000    13.000     0.970    -1.000     0.000    -3.000     0.000     0.000     0.000     2.153     4.164     6.148     8.085    10.218     0.880     0.335     0.219    17.641     1.914    -0.274     0.306
    12.000    14.000    20.000    18.000    20.000    17.000    20.000    17.000    19.000    19.000     0.915    -1.000     0.000    -4.000     0.000     1.000     0.000     2.200     4.184     6.033     7.986    13.361     0.881     0.810     0.220    18.965     1.913    -0.306     0.308
    14.000    19.000         *         *         *     9.000     7.000         *         *         *     1.980    -2.000     0.000     5.000     0.000     1.000     0.000     2.111         *         *         *    14.680     1.590     1.200     0.501     8.726     2.220    -0.344     0.376
     6.000     7.000     6.000     9.000         *    18.000    19.000    20.000    22.000         *     2.250     0.000     0.000    -5.000     0.000     0.000     0.000     2.068     4.096     5.975         *     8.450     0.984    -0.260     0.279    19.278     1.911    -0.053     0.336
     8.000     9.000    10.000     9.000     9.000    21.000    19.000    16.000    19.000    18.000     2.285     0.000     0.000    -7.000     0.000     0.000     0.000     2.093     4.025     5.942     7.913     9.320     0.882    -0.030     0.223    19.283     1.899    -0.278     0.308
    13.000         *         *         *         *    12.000         *         *         *         *     2.589     0.000     0.000   -10.000     0.000     0.000     0.000     2.000         *         *         *    12.354     2.354     0.664     0.724    12.281     2.853    -0.365     0.395
         *         *         *         *         *     3.000         *         *         *         *     2.630     1.000     0.000   -10.000     0.000     0.000     0.000     2.027         *         *         *    13.440     3.205     0.928     0.946     5.790     2.860    -0.272     0.416
     7.000     7.000     7.000    10.000    10.000    17.000    18.000    15.000     6.000         *     2.463     0.000     0.000     3.000     0.000     0.000     0.000     1.940     3.937     5.945     7.937     8.572     0.886     0.071     0.224    15.308     1.898    -0.443     0.333
    10.000         *         *         *         *     0.000         *         *         *         *     2.135    -3.000     0.000    -3.000     0.000     1.000     0.000     2.013         *         *         *    12.399     2.354     0.207     0.724     3.023     2.853    -0.023     0.395
    12.000    15.000         *         *         *     9.000     6.000         *         *         *     0.600    -1.000     0.000     5.000     1.000     1.000     0.000     2.129         *         *         *    12.718     1.587     1.322     0.500     8.818     2.220    -0.190     0.376
     8.000         *         *         *         *    15.000         *         *         *         *     0.595     0.000     0.000     5.000     0.000     0.000     0.000     2.134         *         *         *     9.102     2.354     0.265     0.724    14.881     2.853    -0.113     0.395
     8.000    10.000     9.000     9.000         *    22.000         *    23.000    20.000         *     0.775     4.000     1.000     0.000     0.000     0.000     0.000     1.803     4.011     5.899     7.932     8.215     0.991     0.218     0.283    22.012     2.149    -0.355     0.341
    10.000     8.000    12.000    11.000    11.000    14.000    12.000    13.000    18.000     9.000     0.811     5.000     0.000     5.000     0.000     0.000     0.000     2.058     4.049     5.956     8.014     8.801     0.882     0.384     0.222    14.601     1.899    -0.277     0.307
     8.000     8.000     9.000         *         *     9.000    14.000     9.000         *         *     1.937     0.000     0.000    -4.000     0.000     0.000     0.000     2.186     4.216         *         *     9.197     1.176    -0.066     0.359    11.264     1.994    -0.094     0.358
     8.000         *         *         *         *     5.000         *         *         *         *     2.329     0.000     0.000     6.000     0.000     0.000     0.000         *         *         *         *    10.136     2.354     0.342     0.724     7.246     2.853     0.060     0.395
     7.000    11.000         *         *         *    17.000    16.000         *         *         *     2.329     1.000     0.000     2.000     0.000     0.000     0.000     1.879     3.893         *         *     9.439     1.622     0.244     0.513    16.329     2.211    -0.242     0.377
    10.000     8.000    10.000    11.000         *    12.000    11.000    17.000    16.000     4.000     1.519     1.000     0.000     0.000     0.000     1.000     0.000     2.149     4.369     6.322     8.377    10.212     0.973     0.086     0.265    13.801     1.928    -0.402     0.303
     9.000    14.000         *         *         *    27.000    20.000         *         *         *     1.506     2.000     1.000    -2.000     0.000     0.000     0.000     2.196     4.339         *         *    10.322     1.578     0.717     0.497    22.573     2.223    -0.617     0.375
    10.000    10.000     9.000         *    11.000    24.000    18.000    19.000    25.000    24.000     0.732     0.000     0.000     3.000     0.000     0.000     0.000     2.008     3.967     6.055     8.164     9.057     0.951     0.166     0.248    21.364     1.898    -0.001     0.305
         *         *         *         *         *    16.000         *         *         *         *     0.912     6.000     0.000    -7.000     0.000     0.000     0.000     2.316         *         *         *     9.623     3.205     0.441     0.946    16.740     2.860    -0.505     0.416
     8.000    13.000    12.000     9.000    11.000     6.000     7.000     9.000     9.000     6.000     1.399     0.000     0.000    -7.000     0.000     0.000     0.000     2.231     4.415     6.303     8.503    10.213     0.876     0.134     0.213     8.269     1.934    -0.089     0.301
    10.000     7.000     9.000     8.000    11.000    15.000    19.000    21.000    19.000    19.000     0.260    -4.000     0.000     0.000     0.000     1.000     0.000     2.085     4.055     6.011     7.989    10.050     0.882    -0.169     0.221    17.878     1.902     0.032     0.307
    11.000    11.000    14.000    11.000    16.000    18.000    20.000    16.000    16.000    18.000     0.877    -1.000     0.000   -12.000     0.000     0.000     0.000     2.222     4.107     6.099     8.115    11.030     0.880     0.386     0.219    18.410     1.914    -0.304     0.306
    10.000    14.000    20.000         *         *     3.000     3.000     3.000     0.000         *     2.693     1.000     0.000    -9.000     0.000     1.000     0.000     1.926     3.984     5.973         *    14.042     1.192     0.817     0.362     4.502     1.900    -0.490     0.339
    12.000    15.000    10.000    12.000    12.000     3.000     0.000     6.000     6.000     0.000     2.690     1.000     0.000    -2.000     0.000     0.000     0.000     1.915     3.923     5.940     7.907    10.833     0.883     0.294     0.224     4.250     1.886    -0.098     0.307
     9.000         *    11.000         *         *    11.000    10.000         *         *         *     1.379     0.000     1.000     2.000     0.000     1.000     0.000     2.018     3.945         *         *    10.443     1.373     0.166     0.415    11.093     2.208    -0.238     0.368
     8.000    13.000    14.000    24.000         *    14.000     3.000    10.000     0.000         *     0.438    -1.000     0.000    -5.000     0.000     1.000     0.000     2.038     4.041     6.033         *    13.120     0.984     0.919     0.279     9.267     1.909    -0.700     0.336
    10.000     9.000         *         *         *     6.000     9.000         *         *         *     0.633    -1.000     0.000    -6.000     0.000     0.000     0.000     2.329         *         *         *    10.065     1.561     0.130     0.490     8.555     2.229    -0.016     0.375
    12.000         *         *         *         *     0.000         *         *         *         *     0.649    -1.000     0.000    -2.000     0.000     0.000     0.000         *         *         *         *    12.554     2.354     0.879     0.724     3.500     2.853    -0.012     0.395
    12.000    11.000    12.000    12.000    14.000    16.000     7.000     6.000     9.000     9.000     1.109    -1.000     0.000    -2.000     0.000     1.000     0.000     2.157     4.101     6.083     8.101    11.309     0.880     0.247     0.219    11.298     1.910    -0.406     0.306
    20.000         *         *         *         *     6.000         *         *         *         *     0.660    -1.000     0.000     0.000     0.000     1.000     0.000     2.083         *         *         *    16.204     2.354     1.617     0.724     7.586     2.853    -0.444     0.395
    14.000    15.000         *         *         *         *         *         *         *         *     0.687    -1.000     0.000    -5.000     0.000     0.000     0.000     2.107     4.074     6.104     8.068    12.719     1.619     0.980     0.502    12.368     5.295    -0.317     0.395
    10.000    10.000     9.000     8.000     8.000    19.000    20.000    20.000    22.000     7.000     1.313     2.000     0.000    -1.000     0.000     0.000     0.000     2.079     4.107     5.980     7.940     8.453     0.882     0.070     0.222    19.631     1.902    -0.532     0.308
    10.000    14.000    11.000    14.000         *         *         *     9.000     6.000         *     1.130    -5.000     0.000   -12.000     0.000     0.000     0.000     2.007     3.981     5.996     7.986    11.721     0.996     0.292     0.282     8.742     2.827    -0.154     0.376
    12.000    13.000     9.000         *         *     6.000     6.000     6.000         *         *     1.176    -1.000     0.000   -11.000     0.000     1.000     0.000     2.032     4.126         *         *    11.521     1.186    -0.025     0.364     7.376     1.983    -0.246     0.358
    15.000         *         *         *         *    15.000         *         *         *         *     1.707    -1.000     0.000     3.000     0.000     1.000     0.000     1.841         *         *         *    13.114     2.354     0.821     0.724    14.266     2.853    -0.425     0.395
     8.000     6.000     8.000     8.000    10.000    22.000    21.000    16.000    18.000    12.000     1.518     0.000     0.000    -3.000     0.000     0.000     0.000     2.011     4.044     5.948     7.940     8.458     0.882     0.003     0.222    19.583     1.896    -0.518     0.308
         *    16.000    11.000     9.000    10.000     0.000    16.000    15.000    15.000    10.000     0.613     0.000     0.000     1.000     0.000     0.000     0.000     2.159     4.098     6.173     8.148    10.117     0.906     0.185     0.219    10.426     1.913     0.253     0.305
     9.000    11.000     9.000         *         *    12.000    14.000    15.000         *         *     1.436     6.000     1.000     0.000     1.000     0.000     0.000     2.019     4.052         *         *     8.453     1.190     0.744     0.366    14.599     1.980    -0.173     0.359
         *         *         *         *         *         *    18.000         *         *         *     1.447     0.000     0.000     5.000     0.000     0.000     0.000     2.088         *         *         *     9.456     3.128     0.316     0.921    17.149     2.993    -0.173     0.421
    11.000    11.000    10.000    11.000         *     9.000     7.000    12.000    15.000         *     0.397    -1.000     0.000     1.000     0.000     1.000     0.000     2.217     4.322     6.266         *    10.695     0.974     0.041     0.271    10.736     1.934     0.062     0.333
    11.000    13.000    13.000     8.000    14.000     9.000     4.000    11.000     6.000     6.000     0.392    -1.000     0.000     0.000     0.000     1.000     0.000     2.181     4.333     6.367     8.333    11.041     0.877     0.183     0.214     8.605     1.929    -0.222     0.302
     6.000     8.000     9.000    10.000     9.000    19.000         *         *         *         *     0.739    -3.000     1.000    -1.000     0.000     0.000     0.000     2.218     4.366     6.319     8.257     8.788     0.883     0.034     0.217    16.903     2.791    -0.145     0.354
    17.000    16.000         *         *         *     0.000     3.000     9.000         *         *     0.413    -1.000     0.000    -1.000     0.000     1.000     0.000     2.104     4.101         *         *    14.194     1.570     0.932     0.491     5.026     1.986    -0.078     0.366
     9.000    10.000         *         *         *    26.000    19.000         *         *         *     0.411    -1.000     0.000    -5.000     0.000     1.000     0.000     2.187         *         *         *     9.797     1.579    -0.067     0.497    21.760     2.223    -0.549     0.376
     9.000    10.000         *         *         *    19.000    20.000         *         *         *     1.375    -1.000     0.000   -10.000     0.000     1.000     0.000     2.022         *         *         *    10.192     1.602    -0.211     0.506    18.962     2.216    -0.445     0.377
     9.000    12.000         *         *         *    10.000     9.000         *         *         *     1.340    -1.000     1.000    -1.000     0.000     1.000     0.000     1.997         *         *         *    11.073     1.605     0.228     0.507    10.114     2.215    -0.244     0.377
    15.000    10.000         *         *         *    17.000    16.000         *         *         *     1.381    -1.000     0.000    -5.000     0.000     1.000     0.000     1.937         *         *         *    11.574     1.614     0.232     0.510    16.393     2.213    -0.434     0.377
    10.000    10.000    14.000    12.000    10.000    20.000    15.000    19.000    20.000    15.000     0.949     2.000     1.000    -5.000     0.000     0.000     0.000     2.144     4.178     6.092     8.063     9.590     0.880     0.326     0.219    18.769     1.912    -0.316     0.306
     8.000    11.000     9.000    12.000    12.000    24.000    21.000    30.000    24.000    17.000     0.987     3.000     1.000    -8.000     0.000     0.000     0.000     2.062     4.060     6.172     7.992     9.160     0.881     0.309     0.220    24.456     1.905    -0.496     0.306
     7.000     6.000    10.000    10.000    12.000         *         *         *         *         *    -0.630    -1.000     0.000    -5.000     0.000     0.000     0.000     2.244     4.288     6.205     8.216     9.055     0.902     0.153     0.219    15.691     5.253    -0.222     0.377
    10.000    11.000    12.000    17.000    28.000    16.000    10.000    12.000         *         *    -0.581    -1.000     0.000    -5.000     0.000     0.000     0.000     2.186     4.184     6.082     8.096    12.026     0.884     1.093     0.221    13.340     1.991    -0.480     0.348
    14.000         *         *         *         *    14.000         *         *         *         *    -0.510     3.000     1.000    -6.000     0.000     1.000     0.000         *         *         *         *    12.228     2.354     0.826     0.724    14.415     2.853    -0.605     0.395
    14.000     9.000    13.000         *         *    10.000    13.000     9.000     9.000     0.000    -0.504     4.000     1.000     9.000     0.000     1.000     0.000     2.197     4.178     6.173     8.219    10.444     1.172     0.768     0.346    11.516     1.920    -0.670     0.307
    11.000    15.000    16.000    11.000    14.000    13.000     9.000    15.000    12.000    13.000     1.967    -1.000     0.000    -5.000     0.000     1.000     0.000     1.874     3.836     5.822     7.767    12.182     0.885     0.263     0.226    13.115     1.876    -0.208     0.309
     9.000     9.000     9.000         *         *    18.000    20.000    15.000         *         *     2.085    -1.000     0.000     0.000     0.000     1.000     0.000     1.784     3.721         *         *     9.718     1.217    -0.187     0.380    17.764     1.957    -0.343     0.361
    11.000    13.000    12.000    14.000         *    14.000     7.000     8.000    17.000     8.000     0.252    -1.000     0.000     0.000     0.000     0.000     0.000     2.127     4.128     6.055     8.019    10.820     0.981     0.571     0.272    11.581     1.909    -0.149     0.308
     6.000     7.000     6.000     6.000     9.000    12.000    17.000    21.000    22.000    22.000     0.284     5.000     1.000     6.000     0.000     0.000     0.000     2.162     4.210     6.168     8.145     7.223     0.879    -0.021     0.218    17.465     1.917     0.261     0.305
    10.000    10.000     8.000     9.000    11.000     7.000    10.000    12.000    10.000     3.000     2.110     1.000     1.000     5.000     0.000     1.000     0.000     2.185     4.175     6.156     8.066     9.763     0.880     0.025     0.219     9.849     1.916    -0.269     0.306
    13.000    14.000         *         *         *    15.000     0.000         *         *         *     2.148     0.000     1.000     2.000     0.000     1.000     0.000     2.049         *         *         *    12.666     1.598     0.762     0.504     8.751     2.217    -0.478     0.376
     9.000     8.000    11.000    11.000    11.000    17.000    16.000    19.000    15.000    12.000     1.915     1.000     1.000     0.000     0.000     0.000     0.000     2.038     4.025     6.041     8.027     9.163     0.881     0.252     0.221    16.888     1.899    -0.327     0.306
    10.000    10.000     9.000     7.000     9.000    12.000    12.000    16.000    18.000    17.000     1.921    -1.000     0.000     2.000     0.000     0.000     0.000     1.934     3.926     5.912     7.932     9.244     0.883    -0.077     0.223    13.950     1.886     0.231     0.307
    12.000    13.000    10.000    14.000    11.000    16.000    17.000    17.000    12.000    24.000     1.921    -1.000     0.000     3.000     0.000     0.000     0.000     2.016     4.008     6.021     8.014    10.373     0.882     0.299     0.221    16.470     1.897     0.092     0.307
    10.000    12.000    10.000         *         *    15.000     9.000    10.000         *         *     1.845    -1.000     0.000    -4.000     0.000     1.000     0.000     2.054     4.008         *         *    10.932     1.191     0.035     0.367    12.299     1.980    -0.375     0.359
    11.000         *         *         *         *     6.000         *         *         *         *     1.856     3.000     0.000     1.000     0.000     0.000     0.000         *         *         *         *    11.266     2.354     0.750     0.724     8.535     2.853    -0.194     0.395
    11.000     9.000     9.000    11.000         *    14.000    15.000    14.000    17.000         *     1.889     3.000     1.000     4.000     0.000     0.000     0.000     2.122     4.099     5.980         *     9.016     0.983     0.276     0.278    15.255     1.914    -0.109     0.337
     9.000     9.000    10.000    10.000    12.000    10.000    15.000    12.000    12.000     9.000     1.798    -1.000     0.000   -12.000     0.000     0.000     0.000     2.013     4.159     6.133     8.049    10.226     0.880     0.060     0.220    12.656     1.906    -0.245     0.306
     7.000     8.000    12.000    12.000    16.000    15.000    14.000    15.000    12.000    12.000     1.839    -1.000     0.000    -3.000     0.000     0.000     0.000     1.972     3.964     5.939     7.937    10.308     0.883     0.383     0.223    14.516     1.890    -0.274     0.308
    17.000    15.000     9.000    11.000    12.000    13.000    15.000    12.000    13.000     9.000     1.623    -1.000     0.000   -19.000     0.000     1.000     0.000     2.177     4.156     6.070     8.049    12.186     0.880    -0.018     0.220    14.474     1.913    -0.504     0.307
    16.000    52.000    25.000    21.000         *     7.000     4.000     4.000     7.000         *     1.700     0.000     0.000   -16.000     0.000     1.000     0.000     2.139     4.099     6.075         *    19.506     0.981     2.009     0.277     7.978     1.917    -0.675     0.336
     9.000    14.000     9.000    11.000    14.000    25.000    18.000    19.000    17.000    15.000     1.544     0.000     0.000   -12.000     0.000     0.000     0.000     2.030     4.025     6.037     8.025    10.288     0.881     0.285     0.221    20.817     1.899    -0.613     0.306
     8.000    10.000    10.000    11.000    10.000    15.000    12.000    15.000    12.000    14.000     1.585     0.000     0.000   -13.000     0.000     1.000     0.000     2.136     4.014     5.988     7.981    10.800     0.882    -0.126     0.222    14.857     1.902    -0.344     0.308
    12.000         *         *         *         *         *         *         *         *         *     1.229     0.000     1.000    -5.000     0.000     1.000     0.000         *         *         *         *    11.856     2.413     0.440     0.729    12.673     5.415    -0.420     0.409
    34.000         *         *         *         *     0.000         *         *         *         *     1.267    -2.000     1.000    -5.000     0.000     1.000     0.000         *         *         *         *    23.584     2.354     3.500     0.724     1.996     2.853    -0.772     0.395
         *    12.000    12.000         *         *     3.000    10.000    13.000     3.000     3.000     1.169     2.000     0.000    -2.000     0.000     1.000     0.000     1.937     3.833     5.756     7.729    11.749     1.277     0.464     0.371     8.524     1.879    -0.408     0.314
         *    12.000    12.000    17.000    18.000    10.000     7.000     6.000     6.000     9.000     1.451    -1.000     1.000   -10.000     0.000     0.000     0.000     2.049     4.000     6.056     8.044    11.868     0.909     0.636     0.221     8.770     1.900    -0.238     0.306
     9.000    10.000    10.000    15.000         *    19.000    19.000    20.000     6.000         *     1.161     4.000     1.000    -3.000     0.000     1.000     0.000     1.975     3.967     5.984         *    10.161     0.987     0.407     0.281    18.386     1.902    -0.849     0.336
     9.000     8.000    10.000     9.000     9.000    23.000    29.000    19.000    24.000    17.000     1.128     4.000     1.000    -8.000     0.000     1.000     0.000     1.932     3.852     5.896     7.868     9.156     0.884    -0.032     0.225    24.502     1.882    -0.701     0.308
    14.000    11.000     9.000    13.000    12.000    10.000    15.000    15.000    17.000    17.000     1.142     1.000     0.000     1.000     0.000     1.000     0.000     1.929     3.967     6.019     8.038    10.948     0.882     0.139     0.222    14.565     1.891     0.025     0.306
     7.000     9.000     9.000     9.000    15.000    10.000    11.000     9.000    12.000     9.000     1.037     4.000     1.000     1.000     0.000     0.000     0.000     2.082     4.079     6.096     8.140     8.924     0.880     0.364     0.219    11.352     1.906    -0.205     0.305
    12.000     9.000    10.000     9.000    14.000    14.000    17.000    16.000    15.000    16.000     0.994     1.000     0.000     2.000     0.000     0.000     0.000     1.975     3.951     6.216     8.395     9.535     0.879     0.290     0.217    15.903     1.900    -0.099     0.301
    10.000     8.000     8.000     9.000    11.000    18.000    19.000     9.000    15.000         *     1.002    -1.000     1.000    -1.000     0.000     0.000     0.000     1.838     3.890     5.767     7.803     8.901     0.888     0.127     0.227    15.873     1.886    -0.297     0.334
     8.000     9.000    10.000         *         *    19.000    10.000    14.000         *         *     1.005    -1.000     1.000     1.000     0.000     0.000     0.000     1.937     3.811         *         *     9.091     1.206     0.202     0.374    14.556     1.967    -0.206     0.361
     9.000     7.000     9.000     9.000     9.000    15.000     7.000    13.000    10.000     9.000     1.484    -1.000     0.000     5.000     0.000     1.000     0.000     2.112     4.099     6.078     7.981     9.540     0.881    -0.114     0.221    11.992     1.907    -0.249     0.307
    11.000         *         *         *         *     3.000         *         *         *         *     1.484    -1.000     0.000    -1.000     0.000     1.000     0.000         *         *         *         *    12.304     2.354     0.407     0.724     5.653     2.853    -0.147     0.395
    13.000         *         *         *         *     6.000         *         *         *         *     0.914    -1.000     0.000   -13.000     0.000     1.000     0.000         *         *         *         *    13.234     2.354     0.481     0.724     7.957     2.853    -0.375     0.395
         *    12.000    10.000     8.000         *         *         *         *         *         *     0.942    -1.000     0.000     6.000     0.000     1.000     0.000     1.863     3.773     5.674         *     9.925     1.065    -0.009     0.293    13.978     5.268    -0.156     0.383
    10.000     9.000    10.000     9.000    13.000    26.000         *    15.000    15.000    18.000     0.912    -1.000     1.000     1.000     1.000     1.000     0.000     1.937     3.923     5.934     7.951     8.935     0.885     0.380     0.223    20.197     2.118    -0.457     0.315
     7.000     7.000     7.000    10.000     9.000    14.000    17.000    12.000    13.000     8.000     0.704    -1.000     0.000   -10.000     0.000     0.000     0.000     1.934     3.929     5.825     7.822     8.962     0.884    -0.069     0.225    14.420     1.883    -0.396     0.309
     8.000     7.000     7.000     8.000     9.000    20.000    22.000    21.000    25.000    17.000     1.019    -1.000     1.000    -1.000     0.000     0.000     0.000     2.014     3.948     5.953     7.874     8.273     0.883    -0.051     0.223    20.882     1.892    -0.139     0.308
     8.000     9.000     8.000    11.000     9.000    14.000    14.000    16.000    13.000    12.000     0.978    -1.000     0.000     0.000     0.000     0.000     0.000     1.995     3.953     5.929     7.885     9.054     0.883     0.067     0.223    14.366     1.890    -0.145     0.308
     7.000     9.000     8.000    10.000    20.000    21.000    22.000    25.000    20.000    13.000     0.854     0.000     0.000     1.000     0.000     0.000     0.000     1.896     3.770     5.726     7.660     9.575     0.887     0.533     0.228    21.480     1.871    -0.495     0.311
     6.000    10.000     8.000    11.000    11.000    24.000    24.000    22.000    18.000    23.000     0.887     0.000     1.000    -4.000     0.000     1.000     0.000     2.134     4.142     5.945     7.918     9.637     0.882     0.014     0.222    23.019     1.906    -0.416     0.309
    11.000    11.000    11.000    13.000    13.000     7.000     6.000    12.000     3.000     3.000     1.000    -1.000     0.000    -9.000     0.000     1.000     0.000     1.819     3.849     5.863     7.816    11.569     0.885     0.153     0.226     8.286     1.875    -0.416     0.308
    26.000         *         *         *         *    16.000     9.000    13.000     9.000    16.000     0.983    -1.000     0.000    -2.000     0.000     1.000     0.000     2.090     4.121     6.083     8.192    17.667     2.176     1.912     0.647    14.115     1.918    -0.446     0.317
    10.000         *         *         *         *    18.000         *         *         *         *     0.975    -1.000     0.000    -5.000     0.000     0.000     0.000         *         *         *         *    10.190     2.354     0.301     0.724    16.840     2.853    -0.290     0.395
     8.000    10.000    17.000         *         *     9.000    10.000     9.000         *         *     0.742     2.000     0.000     0.000     0.000     1.000     0.000     1.978     3.893         *         *    11.496     1.200     0.535     0.371    10.572     1.972    -0.369     0.360
    12.000     9.000    10.000     8.000    11.000    20.000    17.000    23.000    16.000    18.000     0.748     2.000     0.000    -1.000     0.000     0.000     0.000     2.008     3.923     5.934     7.951     8.974     0.883     0.175     0.223    19.645     1.891    -0.277     0.308
    12.000         *         *         *         *     9.000         *         *         *         *     1.142    -1.000     0.000     3.000     0.000     1.000     0.000         *         *         *         *    12.128     2.354     0.530     0.724    10.053     2.853    -0.235     0.395
     9.000     8.000     8.000    11.000    11.000     7.000    13.000    13.000    15.000    17.000     1.153     1.000     0.000    -6.000     0.000     1.000     0.000     2.008     3.995     6.236     8.088    10.476     0.880    -0.121     0.219    12.495     1.902     0.109     0.305
    13.000     9.000     9.000    11.000    14.000    24.000    21.000    22.000     3.000    13.000     0.899     0.000     0.000     0.000     0.000     1.000     0.000     2.016     4.022     6.014     7.973    10.151     0.882     0.260     0.222    20.082     1.897    -0.919     0.307
     8.000     8.000     9.000    10.000     8.000    16.000     9.000    12.000    12.000    10.000     0.636    -1.000     1.000    -2.000     0.000     0.000     0.000     1.967     3.967     5.973     7.956     8.750     0.883     0.040     0.223    12.702     1.891    -0.199     0.307
    15.000         *         *         *         *    10.000         *         *         *         *     0.600    -1.000     1.000   -14.000     0.000     0.000     0.000         *         *         *         *    13.348     2.354     1.023     0.724    10.532     2.853    -0.396     0.395
     7.000         *         *         *         *    17.000         *         *         *         *     0.641    -1.000     0.000    -3.000     0.000     0.000     0.000     1.874     3.836         *         *     8.758     2.354    -0.040     0.724    16.265     2.853    -0.165     0.395
     8.000     9.000     9.000    12.000         *    28.000    20.000    19.000    26.000         *     0.460     5.000     1.000    -8.000     0.000     0.000     0.000     1.932     3.863     5.915         *     8.666     0.990     0.306     0.283    24.081     1.894    -0.535     0.337
     9.000     9.000         *         *         *    20.000    19.000         *         *         *     0.479     5.000     1.000    -6.000     0.000     1.000     0.000     1.929         *         *         *     9.103     1.615     0.030     0.511    19.680     2.212    -0.621     0.377
    10.000    14.000         *         *         *    13.000    15.000         *         *         *     0.364     7.000     1.000    -4.000     0.000     0.000     0.000     1.970         *         *         *    10.657     1.609     0.963     0.508    15.014     2.214    -0.535     0.377
    10.000    11.000         *         *         *    21.000         *         *         *         *     0.326     5.000     1.000    -5.000     0.000     0.000     0.000     1.822         *         *         *     9.520     1.634     0.585     0.517    19.891     2.811    -0.569     0.378
    10.000    15.000    11.000         *         *    26.000    18.000    19.000         *         *     0.721     2.000     0.000    -4.000     0.000     1.000     0.000     1.992     4.025         *         *    10.867     1.193     0.382     0.367    21.732     1.977    -0.717     0.359
    14.000    13.000         *         *         *    17.000    16.000         *         *         *     0.679    -1.000     0.000    -9.000     0.000     0.000     0.000     2.038         *         *         *    11.922     1.600     0.708     0.505    16.367     2.217    -0.405     0.376
    18.000    15.000         *         *         *    12.000    16.000     9.000     9.000     6.000     0.373    -1.000     0.000    -7.000     0.000     0.000     0.000     2.011     4.082     6.093     8.249    13.975     1.559     1.383     0.473    12.931     1.907    -0.603     0.310
     8.000     9.000    10.000         *         *    11.000     7.000     8.000         *         *     0.378    -1.000     0.000    -9.000     0.000     1.000     0.000     1.997     3.984         *         *    10.274     1.194    -0.169     0.368     9.875     1.976    -0.296     0.359
     9.000     7.000     9.000         *         *     6.000     7.000     6.000         *         *     0.384    -1.000     0.000    -1.000     0.000     1.000     0.000     1.956     3.981         *         *     9.686     1.196    -0.228     0.369     7.411     1.974    -0.078     0.359
    13.000    20.000    12.000    11.000    11.000    12.000    14.000    12.000    16.000    12.000     0.485     0.000     0.000     0.000     0.000     1.000     0.000     2.038     4.030     6.042     8.033    11.423     0.881     0.248     0.221    14.035     1.900    -0.191     0.306
    10.000     9.000     9.000    12.000         *    21.000    20.000    21.000         *         *     0.058    -1.000     0.000     3.000     0.000     1.000     0.000     1.877     3.825     5.707     7.737     9.839     0.996     0.100     0.288    20.385     1.963    -0.336     0.354
    13.000    15.000         *         *         *    18.000    17.000         *         *         *     0.088     3.000     0.000     2.000     0.000     1.000     0.000     1.945         *         *         *    12.137     1.612     0.903     0.510    17.753     2.213    -0.609     0.377
     9.000    23.000         *         *         *     9.000     9.000         *         *         *     0.134    -1.000     1.000    -2.000     0.000     1.000     0.000     1.997         *         *         *    14.705     1.605     1.386     0.507     9.644     2.215    -0.481     0.377
    14.000    16.000    12.000         *         *    12.000    13.000    15.000    15.000     9.000     0.252    -1.000     0.000    -5.000     0.000     1.000     0.000     2.016     4.016     6.018     7.964    12.343     1.186     0.482     0.353    14.124     1.898    -0.344     0.310
    12.000    13.000    12.000    12.000         *    21.000    22.000    21.000    18.000     9.000     0.189    -1.000     0.000    -3.000     0.000     1.000     0.000     2.126     4.118     6.133     8.088    11.034     0.980     0.376     0.271    20.814     1.911    -0.739     0.307
     6.000         *         *         *         *    18.000         *         *         *         *     0.260    -1.000     0.000     2.000     0.000     0.000     0.000         *         *         *         *     8.025     2.354    -0.097     0.724    17.062     2.853    -0.101     0.395
         *         *    12.000    12.000         *    10.000    10.000     5.000    12.000         *    -0.121     0.000     0.000     4.000     0.000     0.000     0.000     1.989     4.022     6.030     7.986     9.927     1.105     0.456     0.297     9.908     1.907    -0.056     0.336
    14.000    16.000    11.000    22.000    18.000    13.000    12.000     9.000    10.000     9.000    -0.014     0.000     0.000     2.000     0.000     0.000     0.000     1.844     3.759     5.732     7.800    11.899     0.886     1.016     0.227    12.122     1.869    -0.341     0.309
     9.000    10.000    10.000    11.000    14.000    16.000    17.000    18.000    20.000     7.000    -0.085     3.000     0.000    -5.000     0.000     0.000     0.000     1.992     4.060     6.071     8.219     9.330     0.880     0.404     0.219    17.703     1.901    -0.517     0.304
    10.000    12.000     9.000     9.000         *    13.000    15.000     3.000    13.000         *    -0.088     3.000     1.000     3.000     0.000     0.000     0.000     1.934     3.901     5.877         *     8.738     0.990     0.345     0.283    12.262     1.894    -0.262     0.338
         *         *         *         *         *    10.000    19.000    11.000     9.000         *     0.241    -1.000     0.000     5.000     0.000     1.000     0.000     2.109     4.104     6.083         *    11.516     2.946     0.539     0.855    13.305     1.932    -0.331     0.365
    10.000    10.000    11.000    10.000    30.000    18.000     9.000    16.000    13.000     9.000     0.203    -1.000     0.000    -1.000     0.000     0.000     0.000     1.879     3.874     5.925     7.874    11.436     0.884     0.966     0.224    14.493     1.881    -0.426     0.308
